image_width: 1920
image_height: 1080
camera_name: webcam
camera_matrix:
  rows: 3
  cols: 3
  data: [1123.968039, 0.000000, 977.378452, 0.000000, 1122.547427, 546.524292, 0.000000, 0.000000, 1.000000]
distortion_model: plumb_bob
distortion_coefficients:
  rows: 1
  cols: 5
  data: [0.046877, -0.123104, 0.001854, -0.000558, 0.000000]
rectification_matrix:
  rows: 3
  cols: 3
  data: [1.000000, 0.000000, 0.000000, 0.000000, 1.000000, 0.000000, 0.000000, 0.000000, 1.000000]
projection_matrix:
  rows: 3
  cols: 4
  data: [1078.576172, 0.000000, 981.021155, 0.000000, 0.000000, 1127.265991, 547.992877, 0.000000, 0.000000, 0.000000, 1.000000, 0.000000]
