image_width: 1920
image_height: 1080
camera_name: webcam
camera_matrix:
  rows: 3
  cols: 3
  data: [1110.993726, 0.000000, 917.996053, 0.000000, 1111.376219, 526.303388 , 0.000000, 0.000000, 1.000000]
distortion_model: plumb_bob
distortion_coefficients:
  rows: 1
  cols: 5
  data: [0.051891, -0.100985, -0.002359, 0.000075, 0.000000]
rectification_matrix:
  rows: 3
  cols: 3
  data: [1.000000, 0.000000, 0.000000, 0.000000, 1.000000, 0.000000, 0.000000, 0.000000, 1.000000]
projection_matrix:
  rows: 3
  cols: 4
  data: [1085.938477, 0.000000, 909.646981, 0.000000, 0.000000, 1118.715210, 524.392620, 0.000000, 0.000000, 0.000000, 1.000000, 0.000000]
