image_width: 1920
image_height: 1080
camera_name: webcam
camera_matrix:
  rows: 3
  cols: 3
  data: [1124.865717, 0.000000, 972.651030, 0.000000, 1123.851131, 528.128827, 0.000000, 0.000000, 1.000000]
distortion_model: plumb_bob
distortion_coefficients:
  rows: 1
  cols: 5
  data: [0.029465, -0.079579, 0.001091, 0.001859, 0.000000]
rectification_matrix:
  rows: 3
  cols: 3
  data: [1.000000, 0.000000, 0.000000, 0.000000, 1.000000, 0.000000, 0.000000, 0.000000, 1.000000]
projection_matrix:
  rows: 3
  cols: 4
  data: [1097.385498, 0.000000, 980.406573, 0.000000, 0.000000, 1127.173462, 528.954425, 0.000000, 0.000000, 0.000000, 1.000000, 0.000000]
