image_width: 1920
image_height: 1080
camera_name: webcam
camera_matrix:
  rows: 3
  cols: 3
  data: [1120.375386, 0.000000, 975.643117, 0.000000, 1127.565100, 564.384063, 0.000000, 0.000000, 1.000000]
distortion_model: plumb_bob
distortion_coefficients:
  rows: 1
  cols: 5
  data: [0.048070, -0.104832, 0.001524, -0.000641, 0.000000]
rectification_matrix:
  rows: 3
  cols: 3
  data: [1.000000, 0.000000, 0.000000, 0.000000, 1.000000, 0.000000, 0.000000, 0.000000, 1.000000]
projection_matrix:
  rows: 3
  cols: 4
  data: [1091.491211, 0.000000, 977.074712, 0.000000, 0.000000, 1133.735474, 565.659987, 0.000000, 0.000000, 0.000000, 1.000000, 0.000000]
